9
341 -138
697 863
696 710
618 -800
-653 -63
-160 578
384 726
456 739
-286 856

9
-641 578
-699 166
-207 380
782 131
377 868
45 -318
-976 -760
-711 260
-44 734

4
-755 352
282 -163
-85 85
-176 18

8
890 226
-196 910
428 -751
981 105
-412 -779
-558 -884
-202 966
-442 839

1
-153 452

6
688 -240
6 -387
-753 -123
792 -909
268 618
-156 -837

2
649 -574
-794 -888

8
-220 -555
-439 695
-987 222
61 360
-466 -429
770 -135
626 443
-592 458

5
-345 -664
-872 75
-657 -727
118 -356
70 -794

4
276 -682
115 -775
-728 -944
630 677

