0 7 14
3 5 19
7 8 14
14 9 4
12 2 14
4 2 18
10 11 8
2 15 17
7 15 19
15 6 8
2 0 19
19 12 19
19 18 15
9 2 14
11 8 9
5 6 13
8 7 10
4 4 0
11 16 2
17 16 10
18 15 5
2 6 0
0 13 11
15 8 11
3 9 12
2 2 3
9 12 1
13 13 9
1 7 5
17 17 17
4 15 14
11 7 4
16 18 6
16 1 19
5 13 14
0 9 9
12 10 11
17 11 12
5 17 6
14 14 7
1 0 17
8 17 1
19 15 4
0 14 1
6 0 17
15 10 15
5 13 15
16 6 19
5 4 9
11 3 14
12 0 0
1 2 2
16 6 2
3 19 1
3 17 14
5 4 0
19 11 15
5 10 12
9 19 0
12 5 6
13 6 17
7 0 1
13 2 14
13 16 11
2 2 6
18 2 1
9 9 7
19 1 6
11 13 3
16 11 4
14 1 8
14 2 13
9 9 0
17 0 6
19 18 11
13 19 13
2 18 3
15 16 12
0 19 11
12 15 14
13 4 11
7 17 5
16 10 12
8 16 13
6 7 10
18 12 1
16 15 14
13 7 8
4 10 15
0 5 15
4 8 7
13 5 12
3 9 0
19 2 16
18 12 5
10 5 3
17 19 1
4 19 10
7 14 3
4 2 7
