477
315 -557
-163 841
456 434
469 365
491 90
482 -800
-687 -281
881 -233
-598 -108
409 852
-100 569
144 313
-544 603
-4 837
995 -218
577 875
717 311
97 -234
-516 173
-385 -82
471 -673
399 -551
217 784
28 280
484 971
892 -563
-898 -616
988 36
-127 -89
-955 336
211 220
-117 974
-259 -72
-547 -668
251 577
-744 68
518 -278
-494 655
-65 87
410 534
-677 -580
-196 302
-310 -574
689 144
-520 563
135 734
708 692
-28 -981
-649 -199
-270 778
-154 602
-324 -13
-358 -284
-845 534
420 930
-298 565
219 -904
-126 858
3 909
824 -437
-703 835
879 -40
-21 -643
159 204
-18 682
637 889
228 828
-103 -687
-800 871
-847 52
-382 620
-932 -145
65 837
-901 -58
505 -932
-744 923
235 -846
-488 -865
339 -434
-751 -977
912 -327
-498 -762
-449 141
364 751
-197 103
76 869
76 773
611 144
-561 -859
-438 -938
-663 944
-549 -182
305 925
-509 315
338 -3
670 92
330 602
-257 -476
-725 -766
337 -541
-672 431
204 -235
910 404
898 167
229 -651
-355 -540
630 919
844 448
-237 -65
932 -665
780 -899
704 955
-521 110
696 -201
611 107
-462 386
-849 -709
-952 742
-90 -587
-238 946
-594 -509
-590 760
208 -964
323 -746
-58 972
-575 608
563 74
-816 -519
281 -606
501 -767
619 244
535 -609
-866 -878
-464 583
881 396
-761 650
410 -713
-325 2
608 -29
-57 -649
959 -450
624 720
-798 522
-732 -839
-254 483
-273 770
-487 -635
-513 -386
-802 -353
-605 23
26 -921
-281 -13
989 -564
407 746
-903 597
-500 -298
-577 -592
-718 -876
-363 -23
-540 -449
-327 383
-900 539
-495 186
-814 -412
963 -297
135 -67
920 341
778 -794
952 909
859 537
-408 -598
-190 -641
-165 367
-656 445
996 473
208 156
47 -331
-793 309
-751 552
-392 -607
327 -436
906 743
949 599
509 -964
925 -747
7 720
-921 -483
884 -830
615 266
91 -772
384 963
-16 -700
961 -217
-664 191
937 -438
126 -56
39 264
-137 384
420 340
593 -276
-556 346
-785 -47
475 -125
-858 -900
-320 90
405 233
885 -583
200 -611
932 846
-592 536
-168 869
133 887
271 871
211 -651
425 44
-258 157
-890 870
97 -43
57 585
27 591
177 -910
-493 -568
173 62
261 707
596 105
-25 -979
-740 -572
-700 -892
-191 884
-72 511
-332 -765
-543 670
-21 130
67 554
146 -963
-521 -906
-122 -325
737 -14
45 -949
157 350
724 -7
422 -868
-408 984
868 -926
937 754
989 -204
-182 -42
-560 -554
-648 798
-813 508
602 850
-475 -334
-996 -519
-116 -385
965 49
-957 -959
-475 689
674 817
-757 470
224 894
43 -820
490 565
-637 861
-989 931
439 -285
-82 -802
216 393
-774 443
-590 220
-378 111
504 -272
-583 17
-166 -618
-796 -557
-662 77
609 428
345 733
594 100
383 708
-225 606
-844 174
-433 -955
841 725
297 -206
-743 -749
-21 919
-64 -887
-505 749
-808 770
199 -301
-521 -118
-385 161
-387 824
884 -438
-480 996
170 12
57 28
-247 -911
-117 -102
150 -949
-678 492
606 -519
-770 259
381 -899
153 -225
-991 -67
-906 632
809 -23
539 59
55 -955
57 -589
439 -423
-334 -885
365 -455
-52 902
394 -485
-3 270
-119 0
454 579
-646 -737
548 -393
-409 -636
341 642
53 -248
-202 232
643 -892
37 -793
-678 434
-669 -945
-691 -960
-93 279
-98 704
56 -744
836 783
-602 -138
469 -810
-94 946
940 -587
165 -401
831 -7
453 963
-477 826
261 -510
-102 197
237 592
224 207
263 -855
-599 -874
909 -680
534 -763
-220 -692
-746 4
769 -962
-362 -453
540 -66
250 -531
-352 -6
836 773
-30 909
853 -266
-706 -792
-295 77
555 557
-771 106
696 465
-875 764
120 -172
-134 -269
278 -111
-825 856
-674 -181
-835 425
550 -26
235 -647
440 -479
81 440
-482 734
643 786
244 -927
890 873
989 292
-528 -985
99 109
-650 339
547 -623
548 -475
951 873
199 -935
-581 853
-274 -214
-773 859
945 807
945 97
522 588
813 542
186 765
780 802
-89 659
350 231
609 261
-861 -103
123 509
575 -558
-705 -326
461 -654
-795 22
181 -960
137 -850
-910 127
21 11
-224 904
706 -793
866 -91
-860 -30
-417 568
-534 -899
611 -278
164 941
-385 538
884 460
-166 -572
-532 -559
-57 -985
142 957
-31 33
-63 -485
-277 745
-346 -4
966 -59
-490 147
248 -99
624 328
269 211
-251 140
-48 -764
-335 -15
426 786
802 133
91 -279
755 296
812 -940
-843 44
-608 -113
828 164
-689 -290
612 -310
-982 911
123 236
-624 639
876 872
210 329
467 -459
-974 -364
358 269
-434 117
529 465
-139 -270
617 687
203 254
964 445
-512 514
777 576
164 -494
-502 -100
125 893
222 -626
267 -665
323 -311
-689 293
-237 33
-150 229
959 -708
-669 712
318 576
373 534
400 282
211 861
